1 38.89511 -77.0363700

2 32.361538 -86.279118

3 33.448457 -112.073844

4 34.736009 -92.331122

5 38.555605 -121.468926

6 39.7391667 -104.984167

7 41.767 -72.677

8 39.161921 -75.526755

9 30.4518 -84.27277

10 33.76 -84.39

11 43.613739 -116.237651

12 39.783250 -89.650373

13 39.790942 -86.147685

14 41.590939 -93.620866

15 39.04 -95.69

16 38.197274 -84.86311

17 30.45809 -91.140229

18 44.323535 -69.765261

19 38.972945 -76.501157

20 42.2352 -71.0275

21 42.7335 -84.5467

22 44.95 -93.094

23 32.320 -90.207

24 38.572954 -92.189283

25 46.595805 -112.027031

26 40.809868 -96.675345

27 39.160949 -119.753877

28 43.220093 -71.549127

29 40.221741 -74.756138

30 35.667231 -105.964575

31 42.659829 -73.781339

32 35.771 -78.638

33 48.813343 -100.779004

34 39.962245 -83.000647

35 35.482309 -97.534994

36 44.931109 -123.029159

37 40.269789 -76.875613

38 41.82355 -71.422132

39 34.000 -81.035

40 44.367966 -100.336378

41 36.165 -86.784

42 30.266667 -97.75

43 40.7547 -111.892622

44 44.26639 -72.57194

45 37.54 -77.46

46 47.042418 -122.893077

47 38.349497 -81.633294

48 43.074722 -89.384444

49 41.145548 -104.802042